25200 base-pairs
...     1 C-G ...
    0.0000    0.0000    0.0000
    1.0000    0.0000    0.0000
    0.0000    1.0000    0.0000
    0.0000    0.0000    1.0000
...     2 A-T ...
   -0.0397    0.1778    3.3837
    0.8141    0.5723   -0.0991
   -0.5724    0.8194    0.0304
    0.0986    0.0320    0.9946
...     3 T-A ...
    0.7000   -0.1012    6.7274
    0.4018    0.9146   -0.0458
   -0.9119    0.4042    0.0708
    0.0833    0.0133    0.9964
...     4 G-C ...
    0.8400    0.2964   10.0897
   -0.2031    0.9745   -0.0950
   -0.9745   -0.1918    0.1161
    0.0950    0.1161    0.9887
...     5 T-A ...
    1.7395    0.7789   13.3739
   -0.6838    0.7290   -0.0323
   -0.7231   -0.6711    0.1635
    0.0975    0.1352    0.9860
...     6 A-T ...
    1.9168    1.2782   16.6717
   -0.9839    0.1782   -0.0153
   -0.1780   -0.9676    0.1791
    0.0171    0.1790    0.9837
...     7 T-A ...
    1.9634    2.4372   19.9060
   -0.9331   -0.3448    0.1027
    0.3574   -0.9211    0.1547
    0.0412    0.1811    0.9826
...     8 C-G ...
    1.7548    2.8678   23.2327
   -0.5626   -0.8184    0.1169
    0.8262   -0.5518    0.1133
   -0.0282    0.1604    0.9867
...     9 G-C ...
    2.1651    3.1451   26.7341
    0.0211   -0.9957    0.0902
    0.9986    0.0254    0.0474
   -0.0495    0.0891    0.9948
...    10 G-C ...
    1.5943    3.2100   29.9975
    0.5664   -0.8234    0.0350
    0.8239    0.5668    0.0028
   -0.0222    0.0273    0.9994
...    11 T-A ...
    1.0212    2.9894   33.3814
    0.9137   -0.4058    0.0191
    0.4059    0.9139   -0.0008
   -0.0171    0.0085    0.9998
...    12 C-G ...
    1.3359    2.9003   36.7264
    0.9811    0.1888   -0.0413
   -0.1875    0.9817    0.0339
    0.0469   -0.0255    0.9986
...    13 G-C ...
    1.3429    3.3742   40.2307
    0.6867    0.7219   -0.0852
   -0.7182    0.6919    0.0742
    0.1125    0.0103    0.9936
...    14 G-C ...
    2.1584    3.2788   43.4410
    0.1736    0.9801   -0.0967
   -0.9753    0.1847    0.1211
    0.1366    0.0733    0.9879
...    15 C-G ...
    2.6864    3.5541   46.7688
   -0.4090    0.9123   -0.0225
   -0.9025   -0.4007    0.1580
    0.1351    0.0849    0.9872
...    16 C-G ...
    3.4046    4.2415   49.9298
   -0.8433    0.5373    0.0059
   -0.5287   -0.8316    0.1701
    0.0963    0.1403    0.9854
...    17 G-C ...
    3.4732    4.2203   53.4653
   -0.9981   -0.0527    0.0327
    0.0572   -0.9858    0.1578
    0.0239    0.1594    0.9869
...    18 A-T ...
    3.7052    4.7961   56.7684
   -0.7867   -0.6157    0.0452
    0.6166   -0.7801    0.1059
   -0.0299    0.1112    0.9934
...    19 T-A ...
    3.1771    5.5340   60.0824
   -0.3538   -0.9280    0.1167
    0.9352   -0.3490    0.0606
   -0.0155    0.1306    0.9913
...    20 T-A ...
    2.8605    5.9029   63.3233
    0.2519   -0.9593    0.1274
    0.9666    0.2559    0.0163
   -0.0483    0.1190    0.9917
...    21 G-C ...
    3.0270    6.1180   66.7009
    0.7630   -0.6462    0.0153
    0.6463    0.7625   -0.0278
    0.0063    0.0311    0.9995
...    22 G-C ...
    2.9463    5.7639   69.9945
    0.9898   -0.1251   -0.0689
    0.1240    0.9921   -0.0191
    0.0707    0.0104    0.9974
...    23 G-C ...
    3.3424    5.3603   73.2595
    0.8895    0.4368   -0.1343
   -0.4364    0.8991    0.0342
    0.1357    0.0282    0.9904
...    24 G-C ...
    4.1615    5.1760   76.4649
    0.4953    0.8540   -0.1593
   -0.8500    0.5143    0.1144
    0.1797    0.0787    0.9806
...    25 G-C ...
    5.2102    5.4074   79.5996
   -0.0627    0.9888   -0.1357
   -0.9801   -0.0354    0.1952
    0.1882    0.1453    0.9713
...    26 C-G ...
    5.9037    5.9397   82.8653
   -0.6073    0.7944   -0.0126
   -0.7728   -0.5870    0.2411
    0.1841    0.1562    0.9704
...    27 T-A ...
    6.7256    6.6987   86.0685
   -0.9382    0.3374    0.0770
   -0.3098   -0.9179    0.2481
    0.1544    0.2089    0.9657
...    28 C-G ...
    6.8637    7.4870   89.3328
   -0.9540   -0.2594    0.1501
    0.2866   -0.9361    0.2038
    0.0877    0.2375    0.9674
...    29 G-C ...
    7.3826    7.7822   92.8183
   -0.6171   -0.7682    0.1708
    0.7865   -0.6092    0.1017
    0.0259    0.1971    0.9800
...    30 T-A ...
    7.0234    8.8267   96.0752
   -0.1151   -0.9756    0.1868
    0.9933   -0.1148    0.0122
    0.0096    0.1869    0.9823
...    31 T-A ...
    6.8107    9.3191   99.3082
    0.4803   -0.8630    0.1566
    0.8769    0.4764   -0.0639
   -0.0194    0.1680    0.9856
...    32 A-T ...
    6.8780    9.7984  102.6130
    0.9042   -0.4270    0.0024
    0.4244    0.8980   -0.1159
    0.0474    0.1058    0.9933
...    33 T-A ...
    6.9054    9.6153  106.0440
    0.9941    0.1026   -0.0348
   -0.1058    0.9886   -0.1068
    0.0235    0.1099    0.9937
...    34 C-G ...
    7.3644   10.0649  109.3430
    0.7526    0.6422   -0.1456
   -0.6515    0.7583   -0.0227
    0.0958    0.1120    0.9891
...    35 C-G ...
    8.1522   10.2786  112.5544
    0.2662    0.9438   -0.1958
   -0.9541    0.2869    0.0862
    0.1375    0.1639    0.9768
...    36 T-A ...
    8.9278   10.8035  115.8155
   -0.3040    0.9389   -0.1612
   -0.9388   -0.2665    0.2182
    0.1619    0.2176    0.9625
...    37 C-G ...
    9.3096   11.8824  118.9757
   -0.7941    0.6046   -0.0618
   -0.5904   -0.7432    0.3146
    0.1443    0.2863    0.9472
...    38 G-C ...
    9.5072   12.4186  122.4654
   -0.9971    0.0426    0.0638
   -0.0205   -0.9492    0.3140
    0.0739    0.3118    0.9473
...    39 A-T ...
    9.9094   13.4902  125.6255
   -0.8337   -0.5278    0.1624
    0.5520   -0.8053    0.2166
    0.0165    0.2702    0.9627
...    40 C-G ...
    9.4159   14.5634  128.8554
   -0.4224   -0.8757    0.2340
    0.9063   -0.4122    0.0935
    0.0146    0.2516    0.9677
...    41 A-T ...
    9.6431   15.3761  132.1373
    0.1733   -0.9737    0.1481
    0.9849    0.1711   -0.0279
    0.0019    0.1507    0.9886
...    42 C-G ...
    9.2830   15.4524  135.5567
    0.6624   -0.7433    0.0935
    0.7489    0.6539   -0.1076
    0.0188    0.1413    0.9898
...    43 G-C ...
    9.7530   16.3622  138.9414
    0.9698   -0.2374   -0.0566
    0.2295    0.9660   -0.1193
    0.0830    0.1027    0.9912
...    44 T-A ...
    9.8757   16.1484  142.3717
    0.9456    0.3014   -0.1228
   -0.3099    0.9490   -0.0572
    0.0992    0.0922    0.9908
...    45 A-T ...
   10.3119   16.5691  145.6564
    0.5681    0.7934   -0.2185
   -0.8047    0.5912    0.0543
    0.1723    0.1450    0.9743
...    46 C-G ...
   11.4578   17.0954  148.8561
    0.0605    0.9826   -0.1757
   -0.9841    0.0882    0.1543
    0.1671    0.1636    0.9723
...    47 T-A ...
   12.3295   17.6829  152.0820
   -0.4938    0.8630   -0.1069
   -0.8509   -0.4542    0.2641
    0.1794    0.2214    0.9585
...    48 T-A ...
   13.0366   18.6373  155.1363
   -0.8953    0.4410    0.0626
   -0.4025   -0.8612    0.3104
    0.1908    0.2527    0.9486
...    49 G-C ...
   13.3318   19.3719  158.4311
   -0.9780   -0.1588    0.1351
    0.1886   -0.9500    0.2489
    0.0888    0.2689    0.9591
...    50 A-T ...
   13.7743   20.3304  161.6219
   -0.7002   -0.6901    0.1829
    0.7127   -0.6907    0.1223
    0.0419    0.2160    0.9755
...    51 G-C ...
   13.6166   20.9830  164.9478
   -0.2006   -0.9663    0.1611
    0.9789   -0.2042   -0.0062
    0.0389    0.1564    0.9869
...    52 C-G ...
   13.6804   21.4859  168.2903
    0.3868   -0.9145    0.1184
    0.9213    0.3776   -0.0927
    0.0400    0.1449    0.9886
...    53 A-T ...
   13.9643   22.0797  171.6143
    0.8381   -0.5427   -0.0547
    0.5348    0.8373   -0.1137
    0.1075    0.0661    0.9920
...    54 T-A ...
   14.1273   21.7824  175.0335
    0.9962   -0.0287   -0.0825
    0.0225    0.9969   -0.0754
    0.0844    0.0733    0.9937
...    55 A-T ...
   14.5460   22.0987  178.3321
    0.8060    0.5581   -0.1971
   -0.5666    0.8239    0.0160
    0.1713    0.0988    0.9803
...    56 C-G ...
   15.6724   22.2799  181.5765
    0.3877    0.9045   -0.1776
   -0.9055    0.4098    0.1104
    0.1726    0.1180    0.9779
...    57 G-C ...
   15.7279   22.8866  185.0599
   -0.2193    0.9640   -0.1505
   -0.9590   -0.1847    0.2147
    0.1792    0.1915    0.9650
...    58 T-A ...
   16.9041   23.6203  188.2073
   -0.6906    0.7227   -0.0278
   -0.7002   -0.6584    0.2763
    0.1813    0.2103    0.9607
...    59 A-T ...
   17.3619   24.3701  191.4298
   -0.9831    0.1742    0.0569
   -0.1531   -0.9515    0.2668
    0.1006    0.2535    0.9621
...    60 C-G ...
   17.4067   25.7102  194.5968
   -0.9198   -0.3535    0.1703
    0.3828   -0.9038    0.1914
    0.0862    0.2413    0.9666
...    61 T-A ...
   17.5219   26.7817  197.8140
   -0.5648   -0.7998    0.2031
    0.8248   -0.5553    0.1068
    0.0274    0.2279    0.9733
...    62 C-G ...
   17.4303   27.2081  201.1466
    0.0067   -0.9850    0.1724
    0.9998    0.0096    0.0163
   -0.0177    0.1723    0.9849
...    63 A-T ...
   17.5477   27.8317  204.4752
    0.5794   -0.8134    0.0521
    0.8149    0.5769   -0.0554
    0.0150    0.0745    0.9971
...    64 G-C ...
   17.6265   27.7749  207.8667
    0.9274   -0.3712   -0.0464
    0.3667    0.9265   -0.0839
    0.0742    0.0608    0.9954
...    65 C-G ...
   17.8914   27.9091  211.2344
    0.9715    0.2161   -0.0968
   -0.2208    0.9745   -0.0396
    0.0858    0.0598    0.9945
...    66 A-T ...
   18.1039   28.2763  214.5963
    0.6561    0.7277   -0.2000
   -0.7344    0.6767    0.0531
    0.1740    0.1120    0.9783
...    67 A-T ...
   18.8037   28.5508  217.7860
    0.1073    0.9822   -0.1544
   -0.9828    0.1282    0.1330
    0.1504    0.1375    0.9790
...    68 T-A ...
   19.8664   29.0554  221.0143
   -0.4140    0.9094   -0.0403
   -0.8971   -0.4001    0.1874
    0.1543    0.1137    0.9815
...    69 G-C ...
   20.0326   29.5716  224.3592
   -0.8657    0.5001   -0.0223
   -0.4933   -0.8446    0.2080
    0.0852    0.1911    0.9779
...    70 T-A ...
   20.6322   30.7032  227.5510
   -0.9968   -0.0177    0.0778
    0.0332   -0.9785    0.2037
    0.0725    0.2056    0.9759
...    71 G-C ...
   20.6202   31.1256  230.9131
   -0.7996   -0.5947    0.0837
    0.6000   -0.7851    0.1537
   -0.0257    0.1731    0.9846
...    72 T-A ...
   20.2000   32.1879  234.1570
   -0.3675   -0.9195    0.1396
    0.9290   -0.3558    0.1021
   -0.0442    0.1672    0.9849
...    73 T-A ...
   19.7891   32.6792  237.3709
    0.2372   -0.9565    0.1701
    0.9684    0.2467    0.0367
   -0.0771    0.1560    0.9847
...    74 A-T ...
   19.6378   33.0882  240.6825
    0.7680   -0.6364    0.0726
    0.6398    0.7673   -0.0426
   -0.0286    0.0791    0.9965
...    75 T-A ...
   19.2740   32.8635  244.0917
    0.9875   -0.1447    0.0633
    0.1496    0.9855   -0.0805
   -0.0507    0.0890    0.9947
...    76 C-G ...
   19.4940   33.1473  247.4335
    0.8971    0.4390   -0.0503
   -0.4414    0.8955   -0.0569
    0.0201    0.0732    0.9971
...    77 T-A ...
   19.7546   33.1464  250.8163
    0.5089    0.8526   -0.1183
   -0.8573    0.5145    0.0200
    0.0779    0.0913    0.9928
...    78 A-T ...
   20.0186   33.6061  254.1141
   -0.1033    0.9801   -0.1696
   -0.9899   -0.0845    0.1141
    0.0975    0.1797    0.9789
...    79 T-A ...
   20.8824   34.3706  257.3507
   -0.5989    0.7984   -0.0631
   -0.7938   -0.5813    0.1791
    0.1063    0.1573    0.9818
...    80 G-C ...
   20.8659   34.9550  260.6884
   -0.9523    0.3017   -0.0456
   -0.3043   -0.9282    0.2143
    0.0223    0.2179    0.9757
...    81 T-A ...
   21.1434   36.2315  263.8698
   -0.9711   -0.2308    0.0612
    0.2386   -0.9456    0.2212
    0.0068    0.2294    0.9733
...    82 T-A ...
   20.9675   37.1625  267.0070
   -0.6545   -0.7356    0.1749
    0.7558   -0.6300    0.1788
   -0.0213    0.2492    0.9682
...    83 G-C ...
   20.9267   37.6352  270.3622
   -0.0981   -0.9839    0.1493
    0.9932   -0.0873    0.0774
   -0.0631    0.1558    0.9858
...    84 A-T ...
   20.6971   38.3127  273.6461
    0.4894   -0.8669    0.0950
    0.8718    0.4892   -0.0267
   -0.0233    0.0959    0.9951
...    85 C-G ...
   20.4179   38.1037  277.0676
    0.8732   -0.4849    0.0488
    0.4874    0.8696   -0.0789
   -0.0042    0.0926    0.9957
...    86 C-G ...
   20.4266   37.9110  280.3755
    0.9958    0.0647   -0.0646
   -0.0691    0.9954   -0.0669
    0.0600    0.0711    0.9957
...    87 T-A ...
   20.7136   37.8482  283.7557
    0.7929    0.5940   -0.1357
   -0.5973    0.8018    0.0193
    0.1203    0.0657    0.9906
...    88 C-G ...
   21.3966   38.3329  287.0106
    0.3017    0.9405   -0.1561
   -0.9362    0.3232    0.1382
    0.1804    0.1044    0.9780
...    89 T-A ...
   22.3138   38.6454  290.2622
   -0.2665    0.9587   -0.0996
   -0.9414   -0.2367    0.2402
    0.2067    0.1577    0.9656
...    90 G-C ...
   22.6837   39.3674  293.5523
   -0.7761    0.6294   -0.0388
   -0.6123   -0.7376    0.2847
    0.1506    0.2447    0.9578
...    91 C-G ...
   23.1993   40.2644  296.7708
   -0.9879    0.1002    0.1181
   -0.0666   -0.9633    0.2602
    0.1398    0.2492    0.9583
...    92 T-A ...
   23.6297   41.4097  299.9354
   -0.8694   -0.4530    0.1973
    0.4874   -0.8517    0.1925
    0.0809    0.2635    0.9613
...    93 A-T ...
   23.8182   42.1625  303.1841
   -0.4180   -0.8887    0.1883
    0.9082   -0.4132    0.0664
    0.0188    0.1988    0.9799
...    94 T-A ...
   23.3354   42.9652  306.4899
    0.1136   -0.9692    0.2183
    0.9933    0.1058   -0.0471
    0.0226    0.2222    0.9747
...    95 A-T ...
   23.5018   43.5828  309.7683
    0.6746   -0.7355    0.0628
    0.7356    0.6629   -0.1390
    0.0606    0.1400    0.9883
...    96 A-T ...
   23.5975   43.9205  313.0265
    0.9741   -0.2203   -0.0512
    0.2084    0.9621   -0.1759
    0.0880    0.1607    0.9831
...    97 A-T ...
   23.8727   44.2894  316.2712
    0.9133    0.3723   -0.1654
   -0.3954    0.9078   -0.1400
    0.0980    0.1933    0.9762
...    98 A-T ...
   24.2751   44.7858  319.4854
    0.5146    0.8238   -0.2377
   -0.8530    0.5200   -0.0446
    0.0869    0.2257    0.9703
...    99 G-C ...
   24.8403   45.6882  322.7069
   -0.0387    0.9588   -0.2814
   -0.9964   -0.0158    0.0835
    0.0756    0.2836    0.9560
...   100 T-A ...
   25.6829   46.6350  325.9039
   -0.5549    0.8055   -0.2079
   -0.8279   -0.5103    0.2326
    0.0813    0.3012    0.9501
...   101 G-C ...
   25.5846   47.7252  329.1108
   -0.9336    0.3340   -0.1298
   -0.3583   -0.8695    0.3400
    0.0007    0.3639    0.9314
...   102 T-A ...
   25.8204   49.4612  332.0703
   -0.9831   -0.1744    0.0558
    0.1825   -0.9102    0.3717
   -0.0141    0.3756    0.9267
...   103 G-C ...
   25.5610   50.4327  335.3062
   -0.6944   -0.7000    0.1668
    0.7117   -0.6341    0.3023
   -0.1059    0.3286    0.9385
...   104 G-C ...
   24.7681   51.6208  338.2961
   -0.1840   -0.9527    0.2420
    0.9742   -0.1440    0.1737
   -0.1306    0.2677    0.9546
...   105 C-G ...
   24.2598   52.4967  341.5216
    0.3997   -0.8705    0.2871
    0.9075    0.4200    0.0100
   -0.1293    0.2565    0.9578
...   106 T-A ...
   23.5683   53.1788  344.7725
    0.8355   -0.5110    0.2023
    0.5377    0.8360   -0.1092
   -0.1134    0.2000    0.9732
...   107 G-C ...
   23.5545   53.9430  348.0737
    0.9991    0.0428    0.0063
   -0.0411    0.9839   -0.1741
   -0.0136    0.1737    0.9847
...   108 G-C ...
   23.7443   54.1150  351.3774
    0.8126    0.5617   -0.1553
   -0.5808    0.8025   -0.1368
    0.0478    0.2014    0.9783
...   109 C-G ...
   23.9735   54.7691  354.6863
    0.3421    0.9144   -0.2164
   -0.9380    0.3458   -0.0218
    0.0549    0.2105    0.9761
...   110 A-T ...
   23.9788   55.5064  357.9937
   -0.2637    0.9214   -0.2854
   -0.9628   -0.2336    0.1356
    0.0583    0.3105    0.9488
...   111 A-T ...
   24.3168   56.5790  361.0718
   -0.7727    0.6100   -0.1758
   -0.6344   -0.7314    0.2503
    0.0241    0.3049    0.9521
...   112 C-G ...
   24.3905   58.1583  364.1260
   -0.9906    0.1321   -0.0364
   -0.1369   -0.9443    0.2992
    0.0051    0.3013    0.9535
...   113 A-T ...
   24.4228   59.0048  367.4070
   -0.8852   -0.4628    0.0471
    0.4549   -0.8403    0.2950
   -0.0970    0.2825    0.9544
...   114 G-C ...
   23.7864   59.9665  370.5979
   -0.4874   -0.8614    0.1426
    0.8651   -0.4543    0.2128
   -0.1185    0.2271    0.9666
...   115 T-A ...
   22.8882   61.0239  373.7448
    0.0383   -0.9745    0.2210
    0.9904    0.0664    0.1214
   -0.1330    0.2142    0.9677
...   116 G-C ...
   22.7190   61.5040  377.0949
    0.6111   -0.7764    0.1540
    0.7854    0.6190    0.0040
   -0.0984    0.1184    0.9881
...   117 G-C ...
   22.2043   61.4675  380.3680
    0.9459   -0.3180    0.0650
    0.3222    0.9442   -0.0684
   -0.0397    0.0857    0.9955
...   118 C-G ...
   22.0880   61.6869  383.7396
    0.9629    0.2698    0.0039
   -0.2683    0.9591   -0.0897
   -0.0280    0.0854    0.9960
...   119 A-T ...
   21.9074   62.1355  387.0935
    0.6331    0.7600   -0.1469
   -0.7719    0.6342   -0.0456
    0.0585    0.1422    0.9881
...   120 G-C ...
   22.3959   62.7209  390.3997
    0.1063    0.9726   -0.2070
   -0.9928    0.1155    0.0330
    0.0560    0.2020    0.9778
...   121 T-A ...
   23.1663   63.3138  393.6985
   -0.4292    0.8869   -0.1712
   -0.9009   -0.4068    0.1510
    0.0643    0.2190    0.9736
...   122 G-C ...
   23.0243   64.1769  396.9723
   -0.8714    0.4675   -0.1489
   -0.4906   -0.8339    0.2529
   -0.0060    0.2934    0.9560
...   123 A-T ...
   23.1546   65.1176  400.1963
   -0.9925   -0.1128   -0.0472
    0.0947   -0.9530    0.2878
   -0.0775    0.2811    0.9565
...   124 A-T ...
   22.8655   66.1867  403.2806
   -0.7535   -0.6488    0.1063
    0.6530   -0.7195    0.2366
   -0.0770    0.2476    0.9658
...   125 C-G ...
   22.0404   67.1012  406.4917
   -0.2995   -0.9336    0.1965
    0.9510   -0.2757    0.1399
   -0.0764    0.2288    0.9705
...   126 G-C ...
   22.3427   67.7837  409.9482
    0.3105   -0.9350    0.1714
    0.9475    0.3189    0.0228
   -0.0760    0.1554    0.9849
...   127 C-G ...
   22.0404   68.2523  413.2826
    0.7921   -0.5933    0.1433
    0.6064    0.7917   -0.0746
   -0.0692    0.1460    0.9869
...   128 A-T ...
   21.8826   68.9106  416.6029
    0.9987   -0.0444   -0.0238
    0.0414    0.9927   -0.1132
    0.0287    0.1121    0.9933
...   129 G-C ...
   22.2412   69.1221  419.9702
    0.8566    0.4963   -0.1412
   -0.5104    0.8551   -0.0909
    0.0756    0.1499    0.9858
...   130 A-T ...
   22.3799   69.5208  423.3045
    0.4057    0.8823   -0.2387
   -0.9085    0.4180    0.0009
    0.1005    0.2165    0.9711
...   131 A-T ...
   22.8616   70.1814  426.4780
   -0.1959    0.9565   -0.2160
   -0.9781   -0.1749    0.1129
    0.0702    0.2334    0.9699
...   132 T-A ...
   23.6161   71.1749  429.6795
   -0.6726    0.7327   -0.1035
   -0.7355   -0.6467    0.2021
    0.0811    0.2121    0.9739
...   133 T-A ...
   23.9496   72.1235  432.7985
   -0.9743    0.2235    0.0295
   -0.2085   -0.9433    0.2583
    0.0856    0.2455    0.9656
...   134 C-G ...
   23.8485   72.9887  436.0447
   -0.9219   -0.3693    0.1171
    0.3871   -0.8905    0.2392
    0.0160    0.2659    0.9639
...   135 C-G ...
   23.4947   74.1404  439.1314
   -0.5591   -0.8118    0.1683
    0.8281   -0.5369    0.1612
   -0.0405    0.2295    0.9725
...   136 G-C ...
   23.8630   74.6673  442.6088
    0.0259   -0.9867    0.1607
    0.9978    0.0354    0.0566
   -0.0615    0.1588    0.9854
...   137 T-A ...
   23.0676   75.2088  445.9106
    0.5445   -0.8244    0.1544
    0.8361    0.5482   -0.0209
   -0.0674    0.1405    0.9878
...   138 C-G ...
   23.0900   75.3822  449.2670
    0.9271   -0.3703    0.0588
    0.3735    0.9257   -0.0601
   -0.0322    0.0777    0.9965
...   139 C-G ...
   23.0695   75.1469  452.5722
    0.9803    0.1921   -0.0461
   -0.1945    0.9793   -0.0567
    0.0343    0.0645    0.9973
...   140 T-A ...
   23.3072   75.0750  455.9560
    0.7127    0.6921   -0.1147
   -0.6951    0.7187    0.0179
    0.0948    0.0670    0.9932
...   141 G-C ...
   23.6276   75.6795  459.2747
    0.1730    0.9681   -0.1811
   -0.9744    0.1950    0.1121
    0.1438    0.1570    0.9771
...   142 T-A ...
   24.6833   76.0734  462.5241
   -0.3638    0.9252   -0.1077
   -0.9188   -0.3374    0.2049
    0.1532    0.1735    0.9728
...   143 G-C ...
   24.8535   76.8122  465.8267
   -0.8371    0.5430   -0.0663
   -0.5398   -0.8004    0.2607
    0.0885    0.2540    0.9631
...   144 T-A ...
   25.4909   78.1300  468.9388
   -0.9968    0.0412    0.0680
   -0.0213   -0.9622    0.2714
    0.0766    0.2691    0.9601
...   145 C-G ...
   25.3593   79.0023  472.1819
   -0.8330   -0.5307    0.1564
    0.5533   -0.8013    0.2278
    0.0044    0.2763    0.9611
...   146 T-A ...
   25.1509   80.1492  475.3683
   -0.3954   -0.8938    0.2116
    0.9171   -0.3715    0.1446
   -0.0506    0.2512    0.9666
...   147 C-G ...
   24.8685   80.6251  478.6834
    0.2025   -0.9584    0.2013
    0.9757    0.2150    0.0423
   -0.0838    0.1878    0.9786
...   148 A-T ...
   24.7504   81.3368  481.9943
    0.7315   -0.6757    0.0910
    0.6811    0.7305   -0.0508
   -0.0321    0.0992    0.9945
...   149 C-G ...
   24.6140   81.1042  485.4229
    0.9801   -0.1960    0.0328
    0.1983    0.9753   -0.0973
   -0.0129    0.1019    0.9947
...   150 A-T ...
   24.5667   81.6301  488.7700
    0.9126    0.3885   -0.1276
   -0.3988    0.9145   -0.0683
    0.0901    0.1132    0.9895
...   151 A-T ...
   24.9440   81.8638  492.0170
    0.5123    0.8427   -0.1657
   -0.8552    0.5182   -0.0083
    0.0789    0.1460    0.9861
...   152 C-G ...
   25.7747   82.4437  495.3035
   -0.0118    0.9864   -0.1636
   -0.9973    0.0002    0.0733
    0.0723    0.1641    0.9838
...   153 G-C ...
   25.4463   82.9683  498.7851
   -0.5902    0.7910   -0.1610
   -0.8058   -0.5653    0.1766
    0.0486    0.2339    0.9710
...   154 G-C ...
   25.8107   84.1417  501.8625
   -0.9362    0.3361   -0.1026
   -0.3513   -0.9028    0.2480
   -0.0092    0.2682    0.9633
...   155 G-C ...
   25.7219   85.4681  504.8977
   -0.9730   -0.2304   -0.0142
    0.2177   -0.9363    0.2758
   -0.0769    0.2652    0.9611
...   156 C-G ...
   25.4103   86.4126  508.1288
   -0.6792   -0.7218    0.1332
    0.7288   -0.6417    0.2390
   -0.0870    0.2594    0.9618
...   157 A-T ...
   25.2725   87.2049  511.4206
   -0.1272   -0.9805    0.1499
    0.9833   -0.1049    0.1488
   -0.1301    0.1663    0.9775
...   158 C-G ...
   24.3544   87.4523  514.7257
    0.4079   -0.8936    0.1876
    0.9055    0.4222    0.0422
   -0.1169    0.1527    0.9813
...   159 T-A ...
   23.7061   87.7814  518.0398
    0.8407   -0.5243    0.1355
    0.5322    0.8462   -0.0271
   -0.1004    0.0949    0.9904
...   160 G-C ...
   23.7358   88.1909  521.4034
    0.9988    0.0481   -0.0029
   -0.0482    0.9965   -0.0681
   -0.0004    0.0681    0.9977
...   161 C-G ...
   23.7769   88.3622  524.7795
    0.7971    0.6016   -0.0520
   -0.6038    0.7955   -0.0511
    0.0106    0.0721    0.9973
...   162 G-C ...
   23.4235   89.0482  528.2305
    0.2993    0.9434   -0.1428
   -0.9526    0.3039    0.0109
    0.0537    0.1328    0.9897
...   163 T-A ...
   24.1579   89.2966  531.5811
   -0.2436    0.9614   -0.1282
   -0.9677   -0.2320    0.0988
    0.0653    0.1481    0.9868
...   164 A-T ...
   24.2690   89.9040  534.8637
   -0.7717    0.6225   -0.1305
   -0.6358   -0.7497    0.1834
    0.0163    0.2245    0.9743
...   165 A-T ...
   24.4072   90.7707  538.0211
   -0.9973    0.0699   -0.0224
   -0.0730   -0.9773    0.1991
   -0.0079    0.2002    0.9797
...   166 T-A ...
   24.3097   91.9951  541.2300
   -0.8907   -0.4419    0.1069
    0.4544   -0.8734    0.1755
    0.0158    0.2049    0.9787
...   167 C-G ...
   24.0371   92.4699  544.5461
   -0.4711   -0.8721    0.1325
    0.8806   -0.4563    0.1278
   -0.0509    0.1769    0.9829
...   168 C-G ...
   23.3731   93.0140  547.7465
    0.0913   -0.9887    0.1190
    0.9933    0.0990    0.0600
   -0.0711    0.1128    0.9911
...   169 A-T ...
   23.3054   93.4524  551.1059
    0.6498   -0.7594    0.0330
    0.7595    0.6504    0.0111
   -0.0299    0.0178    0.9994
...   170 T-A ...
   22.8580   93.0705  554.4912
    0.9484   -0.3119    0.0574
    0.3131    0.9496   -0.0141
   -0.0501    0.0313    0.9983
...   171 C-G ...
   23.0722   93.0956  557.8452
    0.9584    0.2849   -0.0174
   -0.2849    0.9586    0.0012
    0.0171    0.0038    0.9998
...   172 A-T ...
   23.0412   93.2677  561.2293
    0.6155    0.7801   -0.1126
   -0.7815    0.6226    0.0413
    0.1023    0.0626    0.9928
...   173 G-C ...
   23.6745   93.5912  564.5468
    0.0837    0.9878   -0.1314
   -0.9916    0.0956    0.0870
    0.0985    0.1230    0.9875
...   174 G-C ...
   24.4260   94.1701  567.7217
   -0.4784    0.8688   -0.1278
   -0.8747   -0.4585    0.1570
    0.0778    0.1869    0.9793
...   175 T-A ...
   25.2154   95.0518  570.9508
   -0.8660    0.4985   -0.0388
   -0.4944   -0.8421    0.2154
    0.0747    0.2058    0.9757
...   176 T-A ...
   25.4440   95.9898  574.0825
   -0.9927   -0.0806    0.0900
    0.0996   -0.9676    0.2319
    0.0684    0.2392    0.9686
...   177 C-G ...
   25.2919   96.7149  577.3608
   -0.7601   -0.6319    0.1514
    0.6498   -0.7377    0.1832
   -0.0041    0.2377    0.9713
...   178 G-C ...
   25.6930   97.1444  580.8479
   -0.2432   -0.9567    0.1597
    0.9690   -0.2322    0.0843
   -0.0435    0.1752    0.9836
...   179 A-T ...
   25.5523   97.8875  584.1227
    0.3554   -0.9285    0.1076
    0.9346    0.3546   -0.0270
   -0.0131    0.1102    0.9938
...   180 A-T ...
   25.3686   98.1726  587.3822
    0.8301   -0.5553    0.0500
    0.5572    0.8230   -0.1106
    0.0203    0.1197    0.9926
...   181 T-A ...
   25.2229   98.0637  590.8133
    0.9989   -0.0456    0.0086
    0.0463    0.9908   -0.1270
   -0.0027    0.1273    0.9919
...   182 G-C ...
   25.4919   98.7487  594.1210
    0.8400    0.5174   -0.1635
   -0.5338    0.8421   -0.0772
    0.0977    0.1521    0.9835
...   183 A-T ...
   25.7083   99.1520  597.4507
    0.3772    0.8920   -0.2490
   -0.9182    0.3952    0.0249
    0.1206    0.2192    0.9682
...   184 C-G ...
   26.6581  100.0523  600.6311
   -0.1606    0.9629   -0.2169
   -0.9807   -0.1309    0.1452
    0.1114    0.2361    0.9653
...   185 T-A ...
   27.3267  100.9511  603.8337
   -0.6745    0.7236   -0.1461
   -0.7299   -0.6241    0.2787
    0.1105    0.2946    0.9492
...   186 T-A ...
   27.7544  102.1629  606.8484
   -0.9727    0.2289    0.0391
   -0.2019   -0.9168    0.3445
    0.1147    0.3272    0.9380
...   187 A-T ...
   27.9894  103.2161  610.0094
   -0.9102   -0.3850    0.1529
    0.4135   -0.8658    0.2818
    0.0239    0.3197    0.9472
...   188 T-A ...
   27.7418  104.7336  613.0821
   -0.5634   -0.7702    0.2988
    0.8251   -0.5431    0.1556
    0.0425    0.3342    0.9415
...   189 T-A ...
   27.6087  105.8353  616.1656
    0.0171   -0.9434    0.3311
    0.9998    0.0135   -0.0131
    0.0079    0.3312    0.9435
...   190 T-A ...
   27.4086  106.7745  619.2989
    0.5919   -0.7630    0.2599
    0.8058    0.5674   -0.1693
   -0.0183    0.3096    0.9507
...   191 T-A ...
   27.2524  107.5431  622.4808
    0.9488   -0.2955    0.1114
    0.3147    0.9142   -0.2552
   -0.0265    0.2772    0.9604
...   192 A-T ...
   27.3172  108.4974  625.6810
    0.9498    0.2773   -0.1445
   -0.3058    0.9202   -0.2444
    0.0651    0.2764    0.9588
...   193 G-C ...
   27.8401  109.3616  628.9201
    0.6245    0.7162   -0.3114
   -0.7751    0.6173   -0.1348
    0.0957    0.3256    0.9407
...   194 T-A ...
   28.6047  110.0847  632.1943
    0.1259    0.9292   -0.3475
   -0.9857    0.1567    0.0621
    0.1121    0.3347    0.9356
...   195 A-T ...
   28.9210  111.3396  635.2735
   -0.4896    0.8096   -0.3239
   -0.8668   -0.4116    0.2815
    0.0946    0.4185    0.9033
...   196 T-A ...
   29.6643  113.0748  638.1444
   -0.8655    0.4887   -0.1100
   -0.4883   -0.7742    0.4026
    0.1117    0.4022    0.9087
...   197 C-G ...
   29.6803  114.5731  641.1529
   -0.9940   -0.0644    0.0885
    0.0966   -0.8955    0.4345
    0.0513    0.4404    0.8963
...   198 C-G ...
   29.5464  116.3789  643.9280
   -0.7803   -0.5709    0.2554
    0.6252   -0.7031    0.3386
   -0.0138    0.4239    0.9056
...   199 T-A ...
   29.2577  117.9917  646.8991
   -0.3113   -0.8806    0.3574
    0.9480   -0.2615    0.1814
   -0.0663    0.3953    0.9162
...   200 A-T ...
   29.0664  119.1709  650.0183
    0.3145   -0.8957    0.3143
    0.9470    0.3191   -0.0381
   -0.0661    0.3096    0.9486
...   201 T-A ...
   28.3559  119.9453  653.2895
    0.7580   -0.5933    0.2711
    0.6474    0.7350   -0.2016
   -0.0796    0.3284    0.9412
...   202 A-T ...
   28.2427  121.0160  656.4514
    0.9973   -0.0719    0.0170
    0.0737    0.9524   -0.2958
    0.0050    0.2963    0.9551
...   203 G-C ...
   28.5159  121.8488  659.7291
    0.8744    0.4403   -0.2040
   -0.4823    0.8346   -0.2659
    0.0532    0.3309    0.9422
...   204 G-C ...
   29.0803  122.6849  662.8854
    0.4630    0.8016   -0.3783
   -0.8812    0.4622   -0.0993
    0.0953    0.3793    0.9203
...   205 A-T ...
   29.3580  123.8198  666.0368
   -0.1291    0.8921   -0.4329
   -0.9883   -0.0800    0.1297
    0.0811    0.4446    0.8920
...   206 T-A ...
   30.1626  125.4700  668.9411
   -0.6205    0.7317   -0.2821
   -0.7790   -0.5336    0.3294
    0.0905    0.4241    0.9011
...   207 A-T ...
   30.3210  126.9442  671.9342
   -0.9653    0.2363   -0.1108
   -0.2606   -0.8500    0.4578
    0.0140    0.4708    0.8821
...   208 C-G ...
   30.1258  128.9997  674.6845
   -0.9593   -0.2514    0.1287
    0.2825   -0.8511    0.4425
   -0.0017    0.4608    0.8875
...   209 T-A ...
   29.9723  130.8032  677.5543
   -0.6486   -0.6957    0.3089
    0.7586   -0.5578    0.3366
   -0.0619    0.4527    0.8895
...   210 A-T ...
   29.7354  132.1764  680.5898
   -0.0684   -0.9269    0.3691
    0.9930   -0.0275    0.1150
   -0.0964    0.3744    0.9222
...   211 A-T ...
   29.2608  133.3870  683.5979
    0.5199   -0.7806    0.3470
    0.8520    0.5034   -0.1441
   -0.0622    0.3705    0.9267
...   212 A-T ...
   28.9328  134.5038  686.6614
    0.9177   -0.3545    0.1792
    0.3960    0.8519   -0.3427
   -0.0312    0.3855    0.9222
...   213 A-T ...
   28.7871  135.6231  689.7380
    0.9783    0.1942   -0.0724
   -0.2067    0.8895   -0.4076
   -0.0148    0.4137    0.9103
...   214 T-A ...
   28.9594  136.5574  693.0400
    0.7290    0.6365   -0.2518
   -0.6836    0.6574   -0.3171
   -0.0363    0.4032    0.9144
...   215 A-T ...
   28.8856  138.0395  696.0324
    0.1858    0.8636   -0.4686
   -0.9826    0.1671   -0.0816
    0.0078    0.4756    0.8796
...   216 A-T ...
   29.0710  139.5877  698.9148
   -0.4161    0.7906   -0.4492
   -0.9090   -0.3756    0.1810
   -0.0256    0.4836    0.8749
...   217 G-C ...
   29.0149  141.4926  701.7219
   -0.8413    0.4282   -0.3299
   -0.5345   -0.7505    0.3887
   -0.0811    0.5034    0.8602
...   218 T-A ...
   29.0745  143.6289  704.4164
   -0.9955   -0.0335   -0.0885
   -0.0171   -0.8559    0.5168
   -0.0931    0.5160    0.8515
...   219 C-G ...
   28.3770  145.3011  707.2472
   -0.8199   -0.5452    0.1744
    0.5482   -0.6602    0.5134
   -0.1648    0.5166    0.8402
...   220 A-T ...
   27.9495  146.9533  710.1747
   -0.3374   -0.8729    0.3525
    0.9135   -0.2132    0.3464
   -0.2272    0.4389    0.8694
...   221 T-A ...
   26.6392  148.4614  712.9701
    0.1795   -0.8465    0.5011
    0.9576    0.2670    0.1079
   -0.2252    0.4605    0.8586
...   222 T-A ...
   25.7116  149.7793  715.8235
    0.7007   -0.5378    0.4688
    0.6695    0.7227   -0.1717
   -0.2465    0.4342    0.8664
...   223 C-G ...
   25.1896  151.0518  718.8902
    0.9701   -0.0525    0.2371
    0.1398    0.9191   -0.3684
   -0.1986    0.3905    0.8989
...   224 G-C ...
   24.5316  152.9519  721.7991
    0.8840    0.4598   -0.0838
   -0.4502    0.7895   -0.4172
   -0.1257    0.4065    0.9050
...   225 A-T ...
   23.9884  154.2198  724.8640
    0.4770    0.7965   -0.3715
   -0.8736    0.3836   -0.2993
   -0.0959    0.4673    0.8789
...   226 A-T ...
   23.8230  155.7051  727.7806
   -0.1132    0.8611   -0.4957
   -0.9857   -0.1600   -0.0528
   -0.1247    0.4826    0.8669
...   227 C-G ...
   23.7891  157.7298  730.5603
   -0.6094    0.6415   -0.4659
   -0.7802   -0.5897    0.2086
   -0.1409    0.4907    0.8599
...   228 C-G ...
   23.4984  159.7556  733.1663
   -0.9266    0.1826   -0.3288
   -0.3240   -0.8314    0.4514
   -0.1909    0.5248    0.8295
...   229 T-A ...
   22.8948  161.7965  735.8087
   -0.9435   -0.3246   -0.0664
    0.2250   -0.7749    0.5907
   -0.2432    0.5424    0.8042
...   230 G-C ...
   21.8859  163.3264  738.6589
   -0.6153   -0.7612    0.2047
    0.7165   -0.4318    0.5478
   -0.3286    0.4838    0.8112
...   231 A-T ...
   20.8537  165.0820  741.3327
   -0.0725   -0.9043    0.4208
    0.9412    0.0775    0.3287
   -0.3299    0.4199    0.8455
...   232 T-A ...
   19.2093  166.3621  744.0645
    0.4180   -0.7232    0.5498
    0.8447    0.5321    0.0577
   -0.3342    0.4404    0.8333
...   233 G-C ...
   18.4240  167.7968  747.0322
    0.8567   -0.3276    0.3984
    0.4423    0.8640   -0.2407
   -0.2654    0.3825    0.8850
...   234 G-C ...
   17.5570  168.6228  750.1218
    0.9746    0.1730    0.1423
   -0.1014    0.9072   -0.4083
   -0.1997    0.3835    0.9017
...   235 A-T ...
   16.7398  169.8537  753.1407
    0.7550    0.6302   -0.1810
   -0.6386    0.6441   -0.4211
   -0.1488    0.4335    0.8888
...   236 T-A ...
   16.6707  171.0386  756.3651
    0.3112    0.8827   -0.3521
   -0.9364    0.2216   -0.2722
   -0.1622    0.4144    0.8955
...   237 T-A ...
   16.4008  172.4720  759.2997
   -0.2868    0.8472   -0.4473
   -0.9491   -0.3148    0.0124
   -0.1303    0.4281    0.8943
...   238 A-T ...
   15.8550  173.9915  762.2237
   -0.7784    0.4576   -0.4297
   -0.6009   -0.7413    0.2991
   -0.1817    0.4910    0.8520
...   239 C-G ...
   15.2139  176.1497  764.8235
   -0.9742   -0.0064   -0.2255
   -0.1041   -0.8743    0.4741
   -0.2002    0.4853    0.8511
...   240 G-C ...
   14.5022  177.3331  768.0790
   -0.8384   -0.5443    0.0294
    0.4727   -0.6991    0.5365
   -0.2715    0.4637    0.8434
...   241 C-G ...
   13.5226  178.9215  770.8980
   -0.4219   -0.8491    0.3178
    0.8626   -0.2680    0.4291
   -0.2792    0.4552    0.8455
...   242 A-T ...
   12.7481  180.4477  773.8226
    0.1778   -0.8897    0.4204
    0.9399    0.2802    0.1954
   -0.2916    0.3604    0.8860
...   243 G-C ...
   11.6634  181.3827  776.8985
    0.6777   -0.6137    0.4050
    0.6933    0.7169   -0.0737
   -0.2451    0.3307    0.9113
...   244 T-A ...
   10.4090  182.0970  780.0200
    0.9431   -0.1523    0.2955
    0.2330    0.9369   -0.2608
   -0.2371    0.3148    0.9191
...   245 G-C ...
    9.9246  183.3705  783.1226
    0.9245    0.3812    0.0007
   -0.3564    0.8650   -0.3534
   -0.1353    0.3265    0.9355
...   246 C-G ...
    9.5258  184.4362  786.3060
    0.5632    0.7993   -0.2094
   -0.8166    0.4998   -0.2888
   -0.1262    0.3337    0.9342
...   247 C-G ...
    9.6067  185.5270  789.4339
    0.0317    0.9198   -0.3912
   -0.9946   -0.0096   -0.1032
   -0.0986    0.3923    0.9145
...   248 C-G ...
    9.7137  187.0577  792.3707
   -0.5111    0.7382   -0.4402
   -0.8526   -0.5003    0.1510
   -0.1088    0.4525    0.8851
...   249 G-C ...
    8.8622  188.3085  795.5669
   -0.9001    0.2796   -0.3341
   -0.4036   -0.8242    0.3974
   -0.1642    0.4925    0.8547
...   250 T-A ...
    8.5648  190.4548  798.2376
   -0.9762   -0.1986   -0.0875
    0.1240   -0.8413    0.5262
   -0.1781    0.5028    0.8458
...   251 T-A ...
    7.8105  192.2597  800.8668
   -0.7244   -0.6498    0.2303
    0.6588   -0.5540    0.5090
   -0.2031    0.5204    0.8294
...   252 G-C ...
    7.1124  193.6891  803.8588
   -0.1926   -0.8974    0.3970
    0.9479   -0.0655    0.3118
   -0.2538    0.4364    0.8632
...   253 T-A ...
    5.7000  195.2282  806.5908
    0.3345   -0.8044    0.4909
    0.9048    0.4198    0.0713
   -0.2634    0.4203    0.8683
...   254 G-C ...
    5.1473  196.5434  809.6645
    0.8162   -0.4560    0.3548
    0.5416    0.8178   -0.1947
   -0.2014    0.3511    0.9144
...   255 A-T ...
    4.3278  197.7651  812.6864
    0.9913    0.0665    0.1137
   -0.0203    0.9300   -0.3671
   -0.1301    0.3616    0.9232
...   256 G-C ...
    4.1574  198.8591  815.8936
    0.8263    0.5400   -0.1600
   -0.5566    0.7398   -0.3781
   -0.0858    0.4015    0.9119
...   257 A-T ...
    3.7607  200.0994  818.9920
    0.3663    0.8342   -0.4122
   -0.9283    0.2971   -0.2237
   -0.0642    0.4645    0.8832
...   258 C-G ...
    4.0842  201.8532  821.9327
   -0.1718    0.8578   -0.4844
   -0.9824   -0.1859    0.0191
   -0.0737    0.4791    0.8746
...   259 A-T ...
    3.6671  203.4073  824.9148
   -0.6947    0.5444   -0.4701
   -0.7089   -0.6288    0.3195
   -0.1217    0.5552    0.8228
...   260 C-G ...
    3.3077  205.7661  827.3916
   -0.9604    0.1252   -0.2488
   -0.2403   -0.8242    0.5128
   -0.1408    0.5523    0.8217
...   261 A-T ...
    2.8266  207.4834  830.2730
   -0.9054   -0.4245    0.0095
    0.3486   -0.7303    0.5875
   -0.2425    0.5353    0.8091
...   262 G-C ...
    1.7098  209.2921  832.9174
   -0.5534   -0.7847    0.2791
    0.7883   -0.3853    0.4798
   -0.2690    0.4855    0.8318
...   263 G-C ...
    0.3809  210.8735  835.5083
   -0.0136   -0.8980    0.4398
    0.9592    0.1126    0.2595
   -0.2826    0.4254    0.8598
...   264 A-T ...
   -0.5973  212.4361  838.3186
    0.5551   -0.7023    0.4458
    0.7967    0.6029   -0.0424
   -0.2390    0.3787    0.8941
...   265 C-G ...
   -1.5508  213.1972  841.5341
    0.8939   -0.2904    0.3414
    0.3904    0.8786   -0.2749
   -0.2201    0.3791    0.8988
...   266 G-C ...
   -2.1342  215.0454  844.4920
    0.9683    0.2437    0.0550
   -0.2021    0.8935   -0.4011
   -0.1469    0.3772    0.9144
...   267 G-C ...
   -2.3218  215.9663  847.6694
    0.7079    0.6665   -0.2340
   -0.7004    0.6195   -0.3544
   -0.0913    0.4148    0.9053
...   268 A-T ...
   -2.7141  217.2358  850.7567
    0.1878    0.8685   -0.4588
   -0.9787    0.1261   -0.1621
   -0.0829    0.4795    0.8736
...   269 A-T ...
   -2.8263  218.8033  853.6324
   -0.4102    0.7707   -0.4875
   -0.9046   -0.4119    0.1098
   -0.1162    0.4861    0.8662
...   270 T-A ...
   -2.7678  220.7632  856.4539
   -0.8221    0.4569   -0.3397
   -0.5604   -0.7548    0.3409
   -0.1007    0.4706    0.8766
...   271 T-A ...
   -3.0902  222.5401  859.1885
   -0.9945   -0.0648   -0.0827
    0.0143   -0.8632    0.5046
   -0.1041    0.5006    0.8594
...   272 C-G ...
   -3.8227  224.1485  862.0473
   -0.8005   -0.5742    0.1718
    0.5729   -0.6491    0.5004
   -0.1758    0.4990    0.8486
...   273 T-A ...
   -4.6440  225.9982  864.7706
   -0.3494   -0.8572    0.3783
    0.9086   -0.2114    0.3602
   -0.2288    0.4696    0.8527
...   274 G-C ...
   -5.2610  227.2940  867.8402
    0.2582   -0.8651    0.4300
    0.9372    0.3324    0.1060
   -0.2346    0.3756    0.8966
...   275 C-G ...
   -6.1009  228.5091  870.8811
    0.7449   -0.5304    0.4047
    0.6268    0.7641   -0.1523
   -0.2285    0.3671    0.9017
...   276 G-C ...
   -6.5683  230.2603  873.9175
    0.9840   -0.0168    0.1771
    0.0767    0.9382   -0.3374
   -0.1605    0.3456    0.9246
...   277 T-A ...
   -7.1813  230.8804  877.2443
    0.8808    0.4720   -0.0368
   -0.4513    0.8137   -0.3662
   -0.1429    0.3392    0.9298
...   278 T-A ...
   -7.4148  231.8721  880.3591
    0.4583    0.8545   -0.2444
   -0.8818    0.4028   -0.2453
   -0.1112    0.3279    0.9381
...   279 C-G ...
   -7.6466  233.3155  883.3855
   -0.1217    0.9114   -0.3932
   -0.9899   -0.1407   -0.0196
   -0.0732    0.3868    0.9193
...   280 A-T ...
   -8.0654  234.5631  886.5080
   -0.6583    0.6231   -0.4224
   -0.7437   -0.6252    0.2369
   -0.1165    0.4701    0.8749
...   281 C-G ...
   -8.3787  236.6607  889.2154
   -0.9477    0.1957   -0.2523
   -0.2890   -0.8617    0.4171
   -0.1358    0.4682    0.8731
...   282 T-A ...
   -8.8081  238.5205  892.0205
   -0.9445   -0.3276   -0.0231
